{
  "w": 960,
  "h": 960,
  "fl_x": 480.0,
  "fl_y": 480.0,
  "cx": 479.5,
  "cy": 479.5,
  "k1": 0.0,
  "k2": 0.0,
  "p1": 0.0,
  "p2": 0.0,
  "camera_model": "OPENCV",
  "frames": [
    {
      "file_path": "images/frame_000000.png",
      "transform_matrix": [
        [
          0.9240743486,
          0.1933024041,
          0.329728341,
          0.2723852489
        ],
        [
          0.3113011298,
          0.1198923906,
          -0.9427181028,
          -1.362661643
        ],
        [
          -0.2217615947,
          0.9737864218,
          0.0506142259,
          0.7068952446
        ],
        [
          -0.0,
          -0.0,
          0.0,
          1.0
        ]
      ],
      "colmap_im_id": 1
    },
    {
      "file_path": "images/frame_000001.png",
      "transform_matrix": [
        [
          0.9240743486,
          0.1933024041,
          0.329728341,
          0.200582125
        ],
        [
          0.3113011298,
          0.1198923906,
          -0.9427181028,
          -1.0741286069
        ],
        [
          -0.2217615947,
          0.9737864218,
          0.0506142259,
          0.7488073332
        ],
        [
          -0.0,
          -0.0,
          0.0,
          1.0
        ]
      ],
      "colmap_im_id": 2
    },
    {
      "file_path": "images/frame_000002.png",
      "transform_matrix": [
        [
          0.9240743486,
          0.1933024041,
          0.329728341,
          0.9454893344
        ],
        [
          0.3113011298,
          0.1198923906,
          -0.9427181028,
          -0.8118177044
        ],
        [
          -0.2217615947,
          0.9737864218,
          0.0506142259,
          0.781766803
        ],
        [
          -0.0,
          -0.0,
          0.0,
          1.0
        ]
      ],
      "colmap_im_id": 3
    },
    {
      "file_path": "images/frame_000003.png",
      "transform_matrix": [
        [
          0.9324683816,
          0.1828100866,
          -0.3115817543,
          -0.6480486548
        ],
        [
          -0.3154233668,
          -0.0084341019,
          -0.9489135712,
          -0.6943238049
        ],
        [
          -0.1760988844,
          0.983112068,
          0.0497980396,
          0.7710411638
        ],
        [
          0.0,
          -0.0,
          0.0,
          1.0
        ]
      ],
      "colmap_im_id": 4
    },
    {
      "file_path": "images/frame_000004.png",
      "transform_matrix": [
        [
          0.3681738826,
          0.1706935268,
          -0.9139538895,
          -1.1939538176
        ],
        [
          -0.9297411549,
          0.0618612113,
          -0.362980131,
          -0.1367799833
        ],
        [
          -0.005420064,
          0.9833803488,
          0.1814764791,
          1.0961673855
        ],
        [
          0.0,
          -0.0,
          0.0,
          1.0
        ]
      ],
      "colmap_im_id": 5
    },
    {
      "file_path": "images/frame_000005.png",
      "transform_matrix": [
        [
          0.1258838038,
          -0.4361206544,
          -0.891039866,
          -1.2452575616
        ],
        [
          -0.9902896467,
          -0.1086505908,
          -0.0867263787,
          -0.0814652387
        ],
        [
          -0.0589888428,
          0.8933050005,
          -0.4455631184,
          0.948428663
        ],
        [
          0.0,
          0.0,
          0.0,
          1.0
        ]
      ],
      "colmap_im_id": 6
    },
    {
      "file_path": "images/frame_000006.png",
      "transform_matrix": [
        [
          -0.4250166389,
          -0.663085017,
          -0.6161810748,
          -1.2452575616
        ],
        [
          -0.7883464596,
          -0.0633667502,
          0.6119595694,
          -0.0814652387
        ],
        [
          -0.4448266137,
          0.7458571681,
          -0.4958088024,
          0.948428663
        ],
        [
          0.0,
          0.0,
          0.0,
          1.0
        ]
      ],
      "colmap_im_id": 7
    },
    {
      "file_path": "images/frame_000007.png",
      "transform_matrix": [
        [
          -0.6826401222,
          -0.6501869559,
          -0.3335556715,
          -1.2452575616
        ],
        [
          -0.390568561,
          -0.061161499,
          0.9185398577,
          -0.0814652387
        ],
        [
          -0.6176233988,
          0.7573085193,
          -0.2121912907,
          0.948428663
        ],
        [
          0.0,
          0.0,
          0.0,
          1.0
        ]
      ],
      "colmap_im_id": 8
    },
    {
      "file_path": "images/frame_000008.png",
      "transform_matrix": [
        [
          -0.8462883897,
          -0.3700846261,
          -0.3831883752,
          -1.2452575616
        ],
        [
          0.1347484136,
          -0.8446169705,
          0.5181361194,
          -0.0814652387
        ],
        [
          -0.5154016166,
          0.3868585564,
          0.7646578522,
          0.948428663
        ],
        [
          0.0,
          0.0,
          -0.0,
          1.0
        ]
      ],
      "colmap_im_id": 9
    },
    {
      "file_path": "images/frame_000009.png",
      "transform_matrix": [
        [
          -0.9077074368,
          -0.0195132145,
          -0.4191496674,
          -1.2452575616
        ],
        [
          0.1327411573,
          -0.9609702809,
          -0.2427259864,
          -0.0814652387
        ],
        [
          -0.3980540093,
          -0.2759625949,
          0.8748700771,
          0.948428663
        ],
        [
          -0.0,
          0.0,
          0.0,
          1.0
        ]
      ],
      "colmap_im_id": 10
    },
    {
      "file_path": "images/frame_000010.png",
      "transform_matrix": [
        [
          -0.9996445248,
          -0.02651027,
          0.0028336719,
          -1.2452575616
        ],
        [
          0.0189318595,
          -0.7806510071,
          -0.6246803902,
          -0.0814652387
        ],
        [
          0.0187725547,
          -0.6244046851,
          0.7808753937,
          0.948428663
        ],
        [
          0.0,
          0.0,
          -0.0,
          1.0
        ]
      ],
      "colmap_im_id": 11
    },
    {
      "file_path": "images/frame_000011.png",
      "transform_matrix": [
        [
          -0.3762890182,
          0.0015684354,
          -0.9265010064,
          -1.2452575616
        ],
        [
          0.7019753635,
          -0.6521638857,
          -0.2862042194,
          -0.0814652387
        ],
        [
          -0.6046793893,
          -0.7580763854,
          0.2443011052,
          0.948428663
        ],
        [
          -0.0,
          0.0,
          0.0,
          1.0
        ]
      ],
      "colmap_im_id": 12
    },
    {
      "file_path": "images/frame_000012.png",
      "transform_matrix": [
        [
          -0.1084926232,
          -0.5403821401,
          -0.8343958853,
          -1.2452575616
        ],
        [
          0.7047224948,
          -0.6338036754,
          0.3188402521,
          -0.0814652387
        ],
        [
          -0.7011387567,
          -0.5534257346,
          0.4495824732,
          0.948428663
        ],
        [
          -0.0,
          0.0,
          0.0,
          1.0
        ]
      ],
      "colmap_im_id": 13
    },
    {
      "file_path": "images/frame_000013.png",
      "transform_matrix": [
        [
          -0.0089298123,
          -0.7380548559,
          -0.6746816198,
          -1.2452575616
        ],
        [
          0.6480996925,
          -0.5180849164,
          0.5581709487,
          -0.0814652387
        ],
        [
          -0.7615031497,
          -0.4322765885,
          0.4829595262,
          0.948428663
        ],
        [
          -0.0,
          0.0,
          0.0,
          1.0
        ]
      ],
      "colmap_im_id": 14
    },
    {
      "file_path": "images/frame_000014.png",
      "transform_matrix": [
        [
          0.0680255948,
          -0.9600468561,
          -0.2714453029,
          -1.0256074962
        ],
        [
          0.535177423,
          -0.1945047499,
          0.8220419869,
          -0.6898179468
        ],
        [
          -0.8419962259,
          -0.2011912928,
          0.5005641011,
          0.3984478252
        ],
        [
          -0.0,
          0.0,
          -0.0,
          1.0
        ]
      ],
      "colmap_im_id": 15
    },
    {
      "file_path": "images/frame_000015.png",
      "transform_matrix": [
        [
          0.0173753523,
          -0.9830498373,
          -0.1825133267,
          -1.0173034253
        ],
        [
          0.6886617482,
          -0.1205727451,
          0.7149875591,
          -0.6904733162
        ],
        [
          -0.7248745365,
          -0.1381131073,
          0.6748938256,
          0.4040272149
        ],
        [
          -0.0,
          0.0,
          -0.0,
          1.0
        ]
      ],
      "colmap_im_id": 16
    },
    {
      "file_path": "images/frame_000016.png",
      "transform_matrix": [
        [
          0.0016955322,
          -0.9971592557,
          0.0753030136,
          -0.8753061328
        ],
        [
          0.8008230764,
          0.0464529666,
          0.5970967444,
          -0.7072728772
        ],
        [
          -0.5988985936,
          0.0592919943,
          0.7986269054,
          0.4031984664
        ],
        [
          0.0,
          -0.0,
          -0.0,
          1.0
        ]
      ],
      "colmap_im_id": 17
    },
    {
      "file_path": "images/frame_000017.png",
      "transform_matrix": [
        [
          0.0016955322,
          -0.9971592557,
          0.0753030136,
          -0.6725945445
        ],
        [
          0.8008230764,
          0.0464529666,
          0.5970967444,
          -0.7981928499
        ],
        [
          -0.5988985936,
          0.0592919943,
          0.7986269054,
          0.4520613659
        ],
        [
          0.0,
          -0.0,
          -0.0,
          1.0
        ]
      ],
      "colmap_im_id": 18
    },
    {
      "file_path": "images/frame_000018.png",
      "transform_matrix": [
        [
          0.0016955322,
          -0.9971592557,
          0.0753030136,
          -0.031482493
        ],
        [
          0.8008230764,
          0.0464529666,
          0.5970967444,
          -1.0684151955
        ],
        [
          -0.5988985936,
          0.0592919943,
          0.7986269054,
          0.5936433893
        ],
        [
          0.0,
          -0.0,
          -0.0,
          1.0
        ]
      ],
      "colmap_im_id": 19
    },
    {
      "file_path": "images/frame_000019.png",
      "transform_matrix": [
        [
          -0.0489016297,
          -0.6639611031,
          -0.7461663918,
          -0.0314681283
        ],
        [
          -0.0399852571,
          -0.7451599109,
          0.6656860268,
          -1.0616305666
        ],
        [
          -0.9980029107,
          0.0623887866,
          0.0098908787,
          0.5885694787
        ],
        [
          0.0,
          -0.0,
          0.0,
          1.0
        ]
      ],
      "colmap_im_id": 20
    },
    {
      "file_path": "images/frame_000020.png",
      "transform_matrix": [
        [
          -0.2698699069,
          -0.231310517,
          -0.9347008495,
          -0.0314681283
        ],
        [
          -0.8535065683,
          0.506838824,
          0.1209997699,
          -1.0616305666
        ],
        [
          0.44575416,
          0.8304275111,
          -0.3342055918,
          0.5885694787
        ],
        [
          0.0,
          -0.0,
          0.0,
          1.0
        ]
      ],
      "colmap_im_id": 21
    },
    {
      "file_path": "images/frame_000021.png",
      "transform_matrix": [
        [
          0.5502430219,
          -0.5622775658,
          -0.6173139848,
          -0.0314681283
        ],
        [
          -0.5360706648,
          0.3289464657,
          -0.7774461171,
          -1.0616305666
        ],
        [
          0.6402037639,
          0.758708219,
          -0.1204200112,
          0.5885694787
        ],
        [
          0.0,
          -0.0,
          0.0,
          1.0
        ]
      ],
      "colmap_im_id": 22
    },
    {
      "file_path": "images/frame_000022.png",
      "transform_matrix": [
        [
          0.6228567649,
          -0.6888756148,
          -0.3708097056,
          0.5100741638
        ],
        [
          -0.4187455305,
          0.1068086596,
          -0.9018004718,
          -0.1437817303
        ],
        [
          0.6608340421,
          0.7169674313,
          -0.2219370886,
          0.5511265618
        ],
        [
          0.0,
          -0.0,
          0.0,
          1.0
        ]
      ],
      "colmap_im_id": 23
    },
    {
      "file_path": "images/frame_000023.png",
      "transform_matrix": [
        [
          0.7356351357,
          -0.5791323695,
          0.3513497486,
          0.6140847706
        ],
        [
          0.6030084891,
          0.3235984519,
          -0.7291534845,
          -0.1839677732
        ],
        [
          0.3085801505,
          0.7482578036,
          0.5872721261,
          0.5406355252
        ],
        [
          -0.0,
          -0.0,
          0.0,
          1.0
        ]
      ],
      "colmap_im_id": 24
    },
    {
      "file_path": "images/frame_000024.png",
      "transform_matrix": [
        [
          -0.1408846674,
          -0.4636705431,
          0.8747348958,
          0.6140847706
        ],
        [
          0.9114424647,
          0.2842349443,
          0.2974611402,
          -0.1839677732
        ],
        [
          -0.3865541928,
          0.8391782432,
          0.382564677,
          0.5406355252
        ],
        [
          0.0,
          0.0,
          -0.0,
          1.0
        ]
      ],
      "colmap_im_id": 25
    },
    {
      "file_path": "images/frame_000025.png",
      "transform_matrix": [
        [
          -0.4603315995,
          -0.6370047136,
          0.6183201544,
          0.6140847706
        ],
        [
          0.7189253223,
          0.1411166514,
          0.6806118362,
          -0.1839677732
        ],
        [
          -0.5208082175,
          0.7578331515,
          0.3929983652,
          0.5406355252
        ],
        [
          0.0,
          0.0,
          -0.0,
          1.0
        ]
      ],
      "colmap_im_id": 26
    },
    {
      "file_path": "images/frame_000026.png",
      "transform_matrix": [
        [
          -0.5582300739,
          -0.8296213949,
          -0.0103694564,
          0.6140847706
        ],
        [
          0.5288662865,
          -0.3654342654,
          0.7660014678,
          -0.1839677732
        ],
        [
          -0.6392805609,
          0.4221210001,
          0.6427551834,
          0.5406355252
        ],
        [
          0.0,
          0.0,
          -0.0,
          1.0
        ]
      ],
      "colmap_im_id": 27
    },
    {
      "file_path": "images/frame_000027.png",
      "transform_matrix": [
        [
          -0.5465816281,
          -0.7971859919,
          -0.2564040135,
          0.6140847706
        ],
        [
          0.4873949646,
          -0.551829893,
          0.6767051926,
          -0.1839677732
        ],
        [
          -0.6809512995,
          0.2449046008,
          0.6901645196,
          0.5406355252
        ],
        [
          0.0,
          0.0,
          -0.0,
          1.0
        ]
      ],
      "colmap_im_id": 28
    },
    {
      "file_path": "images/frame_000028.png",
      "transform_matrix": [
        [
          -0.7412313871,
          -0.6464832911,
          -0.1806526645,
          0.6140847706
        ],
        [
          0.6645247171,
          -0.7447311808,
          -0.0615009646,
          -0.1839677732
        ],
        [
          -0.0947783261,
          -0.165634606,
          0.9816222523,
          0.5406355252
        ],
        [
          -0.0,
          0.0,
          0.0,
          1.0
        ]
      ],
      "colmap_im_id": 29
    },
    {
      "file_path": "images/frame_000029.png",
      "transform_matrix": [
        [
          -0.7209079544,
          -0.6908803074,
          0.0545538469,
          0.6140847706
        ],
        [
          0.6303527073,
          -0.620960857,
          0.4659002881,
          -0.1839677732
        ],
        [
          -0.2880055307,
          0.3702593888,
          0.8831538933,
          0.5406355252
        ],
        [
          0.0,
          0.0,
          -0.0,
          1.0
        ]
      ],
      "colmap_im_id": 30
    },
    {
      "file_path": "images/frame_000030.png",
      "transform_matrix": [
        [
          -0.7209079544,
          -0.6908803074,
          0.0545538469,
          1.475993193
        ],
        [
          0.6303527073,
          -0.620960857,
          0.4659002881,
          -1.6450998787
        ],
        [
          -0.2880055307,
          0.3702593888,
          0.8831538933,
          1.2582017995
        ],
        [
          0.0,
          0.0,
          -0.0,
          1.0
        ]
      ],
      "colmap_im_id": 31
    },
    {
      "file_path": "images/frame_000031.png",
      "transform_matrix": [
        [
          -0.7209079544,
          -0.6908803074,
          0.0545538469,
          1.6822024377
        ],
        [
          0.6303527073,
          -0.620960857,
          0.4659002881,
          -1.9650294779
        ],
        [
          -0.2880055307,
          0.3702593888,
          0.8831538933,
          1.414240046
        ],
        [
          0.0,
          0.0,
          -0.0,
          1.0
        ]
      ],
      "colmap_im_id": 32
    },
    {
      "file_path": "images/frame_000032.png",
      "transform_matrix": [
        [
          -0.7209079544,
          -0.6908803074,
          0.0545538469,
          1.9747276058
        ],
        [
          0.6303527073,
          -0.620960857,
          0.4659002881,
          -2.3158721277
        ],
        [
          -0.2880055307,
          0.3702593888,
          0.8831538933,
          1.5812543337
        ],
        [
          0.0,
          0.0,
          -0.0,
          1.0
        ]
      ],
      "colmap_im_id": 33
    },
    {
      "file_path": "images/frame_000033.png",
      "transform_matrix": [
        [
          -0.4578250531,
          -0.6445661982,
          -0.6123157983,
          1.6345622215
        ],
        [
          -0.3210226693,
          -0.5224130215,
          0.7899551132,
          -1.9279156947
        ],
        [
          -0.8290601103,
          0.5582284937,
          0.0322534078,
          0.6905471988
        ],
        [
          0.0,
          -0.0,
          0.0,
          1.0
        ]
      ],
      "colmap_im_id": 34
    },
    {
      "file_path": "images/frame_000034.png",
      "transform_matrix": [
        [
          -0.7668519876,
          -0.1693282378,
          -0.6190847899,
          1.4492551688
        ],
        [
          -0.4588569124,
          -0.5297884472,
          0.7132843298,
          -1.7454477787
        ],
        [
          -0.4487631481,
          0.8310548412,
          0.3285718914,
          0.5710385976
        ],
        [
          0.0,
          -0.0,
          0.0,
          1.0
        ]
      ],
      "colmap_im_id": 35
    },
    {
      "file_path": "images/frame_000035.png",
      "transform_matrix": [
        [
          -0.7668519876,
          -0.1693282378,
          -0.6190847899,
          1.1861034369
        ],
        [
          -0.4588569124,
          -0.5297884472,
          0.7132843298,
          -1.9300064947
        ],
        [
          -0.4487631481,
          0.8310548412,
          0.3285718914,
          0.4758679653
        ],
        [
          0.0,
          -0.0,
          0.0,
          1.0
        ]
      ],
      "colmap_im_id": 36
    },
    {
      "file_path": "images/frame_000036.png",
      "transform_matrix": [
        [
          -0.6044810451,
          -0.1111247629,
          -0.7888307507,
          0.9723044611
        ],
        [
          -0.605621686,
          -0.5791859083,
          0.5456794453,
          -2.1980626037
        ],
        [
          -0.5175181538,
          0.8075858906,
          0.2828073369,
          0.403263932
        ],
        [
          0.0,
          -0.0,
          0.0,
          1.0
        ]
      ],
      "colmap_im_id": 37
    },
    {
      "file_path": "images/frame_000037.png",
      "transform_matrix": [
        [
          -0.2288563382,
          -0.0297220722,
          -0.9730063591,
          0.9676274957
        ],
        [
          -0.76580172,
          -0.6115761417,
          0.1988022851,
          -2.2055831954
        ],
        [
          -0.6009762908,
          0.7906271064,
          0.1172018623,
          0.3971196624
        ],
        [
          0.0,
          -0.0,
          0.0,
          1.0
        ]
      ],
      "colmap_im_id": 38
    },
    {
      "file_path": "images/frame_000038.png",
      "transform_matrix": [
        [
          -0.2288563382,
          -0.0297220722,
          -0.9730063591,
          0.9360621563
        ],
        [
          -0.76580172,
          -0.6115761417,
          0.1988022851,
          -2.3342077396
        ],
        [
          -0.6009762908,
          0.7906271064,
          0.1172018623,
          0.3532430331
        ],
        [
          0.0,
          -0.0,
          0.0,
          1.0
        ]
      ],
      "colmap_im_id": 39
    },
    {
      "file_path": "images/frame_000039.png",
      "transform_matrix": [
        [
          -0.9476626037,
          -0.1918514578,
          -0.2552030715,
          1.1039736118
        ],
        [
          -0.1469188051,
          -0.4476246795,
          0.8820697314,
          -1.8107818358
        ],
        [
          -0.283461557,
          0.8733986286,
          0.3960105823,
          0.4966995309
        ],
        [
          0.0,
          -0.0,
          0.0,
          1.0
        ]
      ],
      "colmap_im_id": 40
    },
    {
      "file_path": "images/frame_000040.png",
      "transform_matrix": [
        [
          -0.9476626037,
          -0.1918514578,
          -0.2552030715,
          1.6599432547
        ],
        [
          -0.1469188051,
          -0.4476246795,
          0.8820697314,
          -1.3244937216
        ],
        [
          -0.283461557,
          0.8733986286,
          0.3960105823,
          0.5142108242
        ],
        [
          0.0,
          -0.0,
          0.0,
          1.0
        ]
      ],
      "colmap_im_id": 41
    },
    {
      "file_path": "images/frame_000041.png",
      "transform_matrix": [
        [
          -0.9476626037,
          -0.1918514578,
          -0.2552030715,
          1.4140245668
        ],
        [
          -0.1469188051,
          -0.4476246795,
          0.8820697314,
          -1.2187138062
        ],
        [
          -0.283461557,
          0.8733986286,
          0.3960105823,
          0.1201191685
        ],
        [
          0.0,
          -0.0,
          0.0,
          1.0
        ]
      ],
      "colmap_im_id": 42
    },
    {
      "file_path": "images/frame_000042.png",
      "transform_matrix": [
        [
          -0.9754675201,
          0.0216886349,
          -0.2190724088,
          1.3840153107
        ],
        [
          -0.0789395915,
          -0.9634176127,
          0.2561152954,
          -1.2504738338
        ],
        [
          -0.2055034259,
          0.2671256385,
          0.9414946814,
          0.1715220994
        ],
        [
          0.0,
          -0.0,
          0.0,
          1.0
        ]
      ],
      "colmap_im_id": 43
    },
    {
      "file_path": "images/frame_000043.png",
      "transform_matrix": [
        [
          -0.9754675201,
          0.0216886349,
          -0.2190724088,
          1.5451050762
        ],
        [
          -0.0789395915,
          -0.9634176127,
          0.2561152954,
          -1.7745226218
        ],
        [
          -0.2055034259,
          0.2671256385,
          0.9414946814,
          -0.0248933185
        ],
        [
          0.0,
          -0.0,
          0.0,
          1.0
        ]
      ],
      "colmap_im_id": 44
    },
    {
      "file_path": "images/frame_000044.png",
      "transform_matrix": [
        [
          -0.9754675201,
          0.0216886349,
          -0.2190724088,
          1.7182909293
        ],
        [
          -0.0789395915,
          -0.9634176127,
          0.2561152954,
          -0.8410468647
        ],
        [
          -0.2055034259,
          0.2671256385,
          0.9414946814,
          -0.2385293392
        ],
        [
          0.0,
          -0.0,
          0.0,
          1.0
        ]
      ],
      "colmap_im_id": 45
    },
    {
      "file_path": "images/frame_000045.png",
      "transform_matrix": [
        [
          -0.9754675201,
          0.0216886349,
          -0.2190724088,
          1.6231188672
        ],
        [
          -0.0789395915,
          -0.9634176127,
          0.2561152954,
          -0.3624773594
        ],
        [
          -0.2055034259,
          0.2671256385,
          0.9414946814,
          0.0400152927
        ],
        [
          0.0,
          -0.0,
          0.0,
          1.0
        ]
      ],
      "colmap_im_id": 46
    },
    {
      "file_path": "images/frame_000046.png",
      "transform_matrix": [
        [
          -0.8051644309,
          -0.1552013897,
          -0.5723834098,
          1.2297783368
        ],
        [
          -0.4309959201,
          -0.5098377466,
          0.744518629,
          0.2215319626
        ],
        [
          -0.4073729937,
          0.8461548326,
          0.3436120534,
          -0.6624402304
        ],
        [
          0.0,
          -0.0,
          0.0,
          1.0
        ]
      ],
      "colmap_im_id": 47
    },
    {
      "file_path": "images/frame_000047.png",
      "transform_matrix": [
        [
          -0.5377806514,
          0.0490186554,
          -0.8416585664,
          1.2699127595
        ],
        [
          -0.8105562987,
          0.2445675198,
          0.5321514961,
          -0.2813933958
        ],
        [
          0.2319276989,
          0.9683924306,
          -0.0917913002,
          -0.8067368611
        ],
        [
          -0.0,
          -0.0,
          0.0,
          1.0
        ]
      ],
      "colmap_im_id": 48
    },
    {
      "file_path": "images/frame_000048.png",
      "transform_matrix": [
        [
          -0.1178999174,
          -0.0475804771,
          -0.9918849266,
          1.199482014
        ],
        [
          -0.9581239563,
          0.2679376961,
          0.1010340304,
          -0.6947004996
        ],
        [
          0.2609561147,
          0.962260614,
          -0.0771778272,
          -0.8835508394
        ],
        [
          0.0,
          -0.0,
          0.0,
          1.0
        ]
      ],
      "colmap_im_id": 49
    },
    {
      "file_path": "images/frame_000049.png",
      "transform_matrix": [
        [
          0.6844258524,
          -0.3300363556,
          -0.6501055734,
          1.5265580955
        ],
        [
          -0.6431228034,
          0.1467437668,
          -0.7515712385,
          -0.9798492097
        ],
        [
          0.3434447732,
          0.9324925045,
          -0.1118186786,
          -0.8685659933
        ],
        [
          0.0,
          -0.0,
          0.0,
          1.0
        ]
      ],
      "colmap_im_id": 50
    },
    {
      "file_path": "images/frame_000050.png",
      "transform_matrix": [
        [
          -0.8978773159,
          0.175676637,
          -0.4036756677,
          1.5282867145
        ],
        [
          -0.4063043304,
          0.0223799101,
          0.9134636997,
          -0.7637520772
        ],
        [
          0.169508456,
          0.9841935068,
          0.0512837647,
          -0.8110187462
        ],
        [
          0.0,
          -0.0,
          -0.0,
          1.0
        ]
      ],
      "colmap_im_id": 51
    },
    {
      "file_path": "images/frame_000051.png",
      "transform_matrix": [
        [
          -0.2332957355,
          0.1729560835,
          -0.9569008794,
          0.4501730843
        ],
        [
          -0.9706484667,
          0.0177151364,
          0.2398493862,
          -1.2477312562
        ],
        [
          0.0584350401,
          0.9847702103,
          0.1637466914,
          -0.6766843842
        ],
        [
          0.0,
          -0.0,
          -0.0,
          1.0
        ]
      ],
      "colmap_im_id": 52
    },
    {
      "file_path": "images/frame_000052.png",
      "transform_matrix": [
        [
          0.5711575931,
          0.5889899549,
          -0.5717253159,
          0.4501730843
        ],
        [
          -0.6854172198,
          -0.0410190052,
          -0.7269942751,
          -1.2477312562
        ],
        [
          -0.451643929,
          0.8070986769,
          0.3802755411,
          -0.6766843842
        ],
        [
          0.0,
          -0.0,
          0.0,
          1.0
        ]
      ],
      "colmap_im_id": 53
    },
    {
      "file_path": "images/frame_000053.png",
      "transform_matrix": [
        [
          -0.5765681682,
          -0.2751371245,
          0.7693300398,
          0.9953266279
        ],
        [
          0.8112564148,
          -0.0808561084,
          0.5790728099,
          0.6987154777
        ],
        [
          -0.0971193947,
          0.9579988792,
          0.2698258155,
          -0.8031480261
        ],
        [
          0.0,
          0.0,
          -0.0,
          1.0
        ]
      ],
      "colmap_im_id": 54
    },
    {
      "file_path": "images/frame_000054.png",
      "transform_matrix": [
        [
          -0.5765681682,
          -0.2751371245,
          0.7693300398,
          0.6754443595
        ],
        [
          0.8112564148,
          -0.0808561084,
          0.5790728099,
          1.1428546297
        ],
        [
          -0.0971193947,
          0.9579988792,
          0.2698258155,
          -0.8442629523
        ],
        [
          0.0,
          0.0,
          -0.0,
          1.0
        ]
      ],
      "colmap_im_id": 55
    },
    {
      "file_path": "images/frame_000055.png",
      "transform_matrix": [
        [
          -0.8778093574,
          -0.2881968884,
          -0.382613755,
          0.6754443595
        ],
        [
          -0.2370187933,
          -0.4327967511,
          0.869775295,
          1.1428546297
        ],
        [
          -0.4162605237,
          0.8541835433,
          0.3116049593,
          -0.8442629523
        ],
        [
          0.0,
          -0.0,
          0.0,
          1.0
        ]
      ],
      "colmap_im_id": 56
    },
    {
      "file_path": "images/frame_000056.png",
      "transform_matrix": [
        [
          -0.8778093574,
          -0.2881968884,
          -0.382613755,
          1.2559840307
        ],
        [
          -0.2370187933,
          -0.4327967511,
          0.869775295,
          0.5665858156
        ],
        [
          -0.4162605237,
          0.8541835433,
          0.3116049593,
          -0.9326387052
        ],
        [
          0.0,
          -0.0,
          0.0,
          1.0
        ]
      ],
      "colmap_im_id": 57
    },
    {
      "file_path": "images/frame_000057.png",
      "transform_matrix": [
        [
          -0.8346175074,
          -0.2370486016,
          0.497213814,
          1.2559840307
        ],
        [
          0.5099490883,
          0.0087370397,
          0.8601602127,
          0.5665858156
        ],
        [
          -0.2082439524,
          0.9714585038,
          0.1135906319,
          -0.9326387052
        ],
        [
          0.0,
          0.0,
          -0.0,
          1.0
        ]
      ],
      "colmap_im_id": 58
    },
    {
      "file_path": "images/frame_000058.png",
      "transform_matrix": [
        [
          -0.8346175074,
          -0.2370486016,
          0.497213814,
          0.7808757305
        ],
        [
          0.5099490883,
          0.0087370397,
          0.8601602127,
          -1.0010267653
        ],
        [
          -0.2082439524,
          0.9714585038,
          0.1135906319,
          -0.8814483248
        ],
        [
          0.0,
          0.0,
          -0.0,
          1.0
        ]
      ],
      "colmap_im_id": 59
    },
    {
      "file_path": "images/frame_000059.png",
      "transform_matrix": [
        [
          -0.3658051982,
          -0.2028327054,
          0.9083201256,
          0.7808757305
        ],
        [
          0.9265108793,
          0.0130358946,
          0.3760420934,
          -1.0010267653
        ],
        [
          -0.0881144006,
          0.9791266308,
          0.1831581102,
          -0.8814483248
        ],
        [
          0.0,
          0.0,
          -0.0,
          1.0
        ]
      ],
      "colmap_im_id": 60
    },
    {
      "file_path": "images/frame_000060.png",
      "transform_matrix": [
        [
          0.8221388435,
          -0.1529355548,
          0.5483597707,
          0.7808757305
        ],
        [
          0.5604070709,
          0.0479491102,
          -0.8268281549,
          -1.0010267653
        ],
        [
          0.1001580595,
          0.9870722359,
          0.1251269923,
          -0.8814483248
        ],
        [
          -0.0,
          -0.0,
          0.0,
          1.0
        ]
      ],
      "colmap_im_id": 61
    },
    {
      "file_path": "images/frame_000061.png",
      "transform_matrix": [
        [
          0.8822909587,
          -0.1725371198,
          -0.4379424694,
          0.7808757305
        ],
        [
          -0.4022655245,
          0.206755988,
          -0.8918712964,
          -1.0010267653
        ],
        [
          0.2444281327,
          0.9630591382,
          0.1130132039,
          -0.8814483248
        ],
        [
          -0.0,
          -0.0,
          0.0,
          1.0
        ]
      ],
      "colmap_im_id": 62
    },
    {
      "file_path": "images/frame_000062.png",
      "transform_matrix": [
        [
          -0.9525953185,
          0.2375173926,
          -0.1901253465,
          0.7808757305
        ],
        [
          -0.1740693605,
          0.0870353439,
          0.9808795577,
          -1.0010267653
        ],
        [
          0.2495235799,
          0.9674762721,
          -0.0415649605,
          -0.8814483248
        ],
        [
          -0.0,
          -0.0,
          0.0,
          1.0
        ]
      ],
      "colmap_im_id": 63
    },
    {
      "file_path": "images/frame_000063.png",
      "transform_matrix": [
        [
          -0.9525953185,
          0.2375173926,
          -0.1901253465,
          0.7846542853
        ],
        [
          -0.1740693605,
          0.0870353439,
          0.9808795577,
          -1.6878990943
        ],
        [
          0.2495235799,
          0.9674762721,
          -0.0415649605,
          -0.8857875296
        ],
        [
          -0.0,
          -0.0,
          0.0,
          1.0
        ]
      ],
      "colmap_im_id": 64
    },
    {
      "file_path": "images/frame_000064.png",
      "transform_matrix": [
        [
          -0.870455681,
          0.2162204937,
          -0.4422166953,
          0.5228390025
        ],
        [
          -0.4198129935,
          0.1429980101,
          0.8962748572,
          -1.7068517114
        ],
        [
          0.2570290996,
          0.9658158558,
          -0.0337012575,
          -0.8839155727
        ],
        [
          -0.0,
          -0.0,
          0.0,
          1.0
        ]
      ],
      "colmap_im_id": 65
    },
    {
      "file_path": "images/frame_000065.png",
      "transform_matrix": [
        [
          -0.3470116677,
          0.0715398455,
          -0.9351283083,
          -0.0811876918
        ],
        [
          -0.8846926256,
          0.3059791739,
          0.3517039997,
          -2.1009769011
        ],
        [
          0.3112906371,
          0.9493465098,
          -0.0428875697,
          -0.9068287424
        ],
        [
          -0.0,
          -0.0,
          0.0,
          1.0
        ]
      ],
      "colmap_im_id": 66
    },
    {
      "file_path": "images/frame_000066.png",
      "transform_matrix": [
        [
          -0.3468827043,
          0.256011034,
          -0.9022919372,
          -0.5565335592
        ],
        [
          -0.8847946542,
          0.2298220882,
          0.4053643148,
          -2.0996249766
        ],
        [
          0.3111443546,
          0.9389569523,
          0.1467958868,
          -0.7459069284
        ],
        [
          0.0,
          -0.0,
          -0.0,
          1.0
        ]
      ],
      "colmap_im_id": 67
    },
    {
      "file_path": "images/frame_000067.png",
      "transform_matrix": [
        [
          -0.2463954899,
          -0.2008769055,
          0.948123268,
          -0.1476666289
        ],
        [
          0.8652479173,
          0.3951308092,
          0.3085736302,
          -1.8787133829
        ],
        [
          -0.43661803,
          0.8963928338,
          0.0764498748,
          -0.6607733172
        ],
        [
          0.0,
          0.0,
          -0.0,
          1.0
        ]
      ],
      "colmap_im_id": 68
    },
    {
      "file_path": "images/frame_000068.png",
      "transform_matrix": [
        [
          0.8289367938,
          0.1178595627,
          0.5467841579,
          -0.1450813825
        ],
        [
          0.5040244699,
          0.2664799742,
          -0.8215520416,
          -1.8867578496
        ],
        [
          -0.2425347927,
          0.9566073107,
          0.1614909519,
          -0.6603654941
        ],
        [
          -0.0,
          -0.0,
          0.0,
          1.0
        ]
      ],
      "colmap_im_id": 69
    },
    {
      "file_path": "images/frame_000069.png",
      "transform_matrix": [
        [
          0.9866596829,
          0.1469234211,
          0.0701154648,
          -0.9514915732
        ],
        [
          0.0322097651,
          0.2460001914,
          -0.9687344512,
          -1.1306375556
        ],
        [
          -0.1595781975,
          0.9580696291,
          0.2379861019,
          -0.5079561435
        ],
        [
          -0.0,
          -0.0,
          0.0,
          1.0
        ]
      ],
      "colmap_im_id": 70
    },
    {
      "file_path": "images/frame_000070.png",
      "transform_matrix": [
        [
          0.9866596829,
          0.1469234211,
          0.0701154648,
          -1.1008824586
        ],
        [
          0.0322097651,
          0.2460001914,
          -0.9687344512,
          -0.5539531911
        ],
        [
          -0.1595781975,
          0.9580696291,
          0.2379861019,
          -0.5866529429
        ],
        [
          -0.0,
          -0.0,
          0.0,
          1.0
        ]
      ],
      "colmap_im_id": 71
    },
    {
      "file_path": "images/frame_000071.png",
      "transform_matrix": [
        [
          0.9904755706,
          0.1278044946,
          0.0512265096,
          -1.1258207381
        ],
        [
          -0.0512382077,
          0.6874534046,
          -0.7244187067,
          -0.2501454097
        ],
        [
          -0.1277998051,
          0.7148942773,
          0.6874542764,
          -0.5271766786
        ],
        [
          -0.0,
